"ERR127306" "ERR127307" "ERR127308" "ERR127309" "ERR127302" "ERR127303" "ERR127304" "ERR127305"
"MED6" 228 312 258 288 350 426 420 330
"SNORD127" 7 1 6 4 5 5 8 0
"SNORD126" 0 5 0 0 5 19 9 0
"SNORA11B" 5 10 9 4 3 0 1 1
"ZBTB42" 574 630 599 486 380 319 388 436
"KTN1-AS1" 72 75 70 72 40 64 90 90
"SLC25A21-AS1" 42 71 68 48 18 33 46 26
"LOC100288846" 22 21 24 18 7 6 10 2
"LOC100289511" 406 363 481 366 116 79 105 188
"MIR1247" 0 0 1 0 0 0 2 0
"PARP2" 693 838 774 750 1060 1100 1082 982
"MIR3173" 4 4 4 2 8 7 3 0
"MIR4308" 9 23 19 19 19 13 16 28
"MIR4307" 0 0 0 0 0 2 0 0
"LINC00645" 2 2 0 4 2 0 2 0
"LOC100506071" 0 2 0 0 0 0 0 0
"LOC100506321" 139 153 132 111 116 153 213 194
"LINC00871" 4 0 0 2 0 2 4 1
"LINC00648" 4 8 2 10 4 10 2 4
"LOC100506499" 6 2 2 12 4 6 4 6
"NEDD8-MDP1" 3193 3441 3419 3145 2702 3014 3595 3693
"BCL2L2-PABPN1" 2750 2789 2790 2786 2516 2404 3712 3348
"SYNJ2BP-COX16" 990 1188 1188 1074 1294 1526 888 660
"CHURC1-FNTB" 1749 2057 1968 1790 1654 1956 2260 2094
"MIR4505" 6 6 11 5 0 4 8 5
"MIR203B" 0 0 0 0 1 0 0 0
"MIR4709" 194 279 247 230 270 351 270 209
"MIR4503" 0 5 5 0 0 3 0 0
"MIR4710" 0 0 0 0 0 0 0 1
"MIR4707" 22 20 14 17 7 4 4 14
"MIR4706" 20 36 32 12 21 19 33 37
"DIO2-AS1" 60 59 54 81 85 104 57 41
"HIF1A-AS2" 309 452 300 480 451 651 491 298
"FRMD6-AS2" 0 0 0 0 2 0 0 0
"PTCSC3" 0 0 2 0 0 0 0 0
"LINC00609" 4 0 0 0 2 0 0 0
"BMS1P17" 132 177 157 125 88 131 138 102
"CNIH1" 2187 2801 2503 2487 3157 3618 2204 2287
"DHRS2" 82 94 112 110 172 142 81 84
"GPHN" 850 936 892 753 792 768 330 301
"CDKN3" 231 296 250 270 268 334 632 440
"IRF9" 604 586 558 524 454 394 493 447
"PRMT5" 3812 4386 4279 3747 3922 4358 5099 5087
"SEC23A" 3446 4212 3758 3641 2540 3234 1172 1022
"VTI1B" 368 404 362 399 337 405 573 528
"FBLN5" 670 702 802 652 724 698 424 396
"CEBPE" 0 2 2 8 0 0 0 2
"BATF" 0 0 0 0 0 2 0 0
"TM9SF1" 7226 7503 7594 6797 7414 7980 6019 6089
"SIVA1" 3816 3981 4293 3568 2644 1928 1955 2728
"NPC2" 2657 3166 2840 2574 2214 2462 2344 2464
"AHSA1" 3225 3566 3620 3340 4084 4310 5546 5530
"EXOC5" 429 575 493 566 689 906 770 504
"CGRRF1" 137 144 105 144 144 210 94 80
"CFL2" 534 770 592 666 714 944 1094 748
"CYP46A1" 0 0 2 2 2 0 0 0
"DHRS4" 1342 1514 1622 1439 909 880 1077 1253
"PAPOLA" 1922 2626 2202 2332 2954 3764 2422 1920
"ACOT2" 1924 1917 2126 1812 890 892 1403 1308
"TMED10" 9970 12232 11044 10856 13216 14635 8742 8468
"FERMT2" 2618 3530 3062 2946 3214 3838 4054 3481
"PTPN21" 814 848 904 817 674 786 1393 1561
"FOXN3" 510 588 578 640 1160 1212 1734 1436
"CHGA" 2 0 2 2 6 0 4 5
"AP4S1" 198 176 208 194 143 111 164 115
"C14orf1" 1156 1333 1239 1148 1575 1779 1846 1462
"WDHD1" 758 962 748 868 1208 1548 1354 1170
"BAZ1A" 1320 1660 1384 1590 1932 2412 2050 1578
"MAP4K5" 632 773 712 699 706 888 650 462
"SUPT16H" 2890 3681 3363 3234 5308 6252 3866 3408
"EGLN3" 812 744 794 740 504 516 634 556
"DTD2" 204 306 262 263 151 151 298 256
"IFT43" 529 546 514 428 409 376 422 428
"WDR89" 349 514 465 480 604 896 666 430
"L3HYPDH" 364 431 405 449 348 265 372 496
"AHNAK2" 19601 19578 21340 17886 16518 15928 9248 9398
"TRIM9" 4 2 4 4 0 4 2 4
"CKB" 31645 30725 32398 26389 24816 18506 25090 31509
"TRMT61A" 963 878 995 843 1059 785 1203 1382
"DHRS1" 1354 1499 1666 1297 1004 918 1462 1785
"MIA2" 11 4 6 13 2 2 2 0
"TDRD9" 1416 1629 1708 1469 984 1274 1516 1524
"ANKRD9" 1586 1354 1449 1467 444 250 499 739
"AK7" 10 8 14 8 6 6 12 4
"IFI27L1" 560 584 726 586 482 486 434 514
"C14orf28" 10 10 6 16 8 18 16 2
"TRAPPC6B" 276 300 290 312 268 418 238 236
"C14orf79" 408 461 524 455 394 309 303 289
"PLD4" 0 0 0 0 0 0 2 0
"ADSSL1" 608 642 680 590 458 360 2350 2455
"MRPL52" 444 472 426 412 340 438 498 388
"PSMB11" 0 2 4 2 0 0 0 0
"LRR1" 521 536 536 492 366 462 842 839
"KLHDC1" 4 6 0 2 2 0 3 2
"FRMD6" 210 220 208 184 182 228 160 84
"SOCS4" 552 744 644 640 720 898 586 496
"NAA30" 313 308 390 298 301 448 487 432
"NOXRED1" 6 8 20 10 26 40 14 12
"JDP2" 804 882 916 748 1068 928 1360 1276
"ISCA2" 171 227 226 182 143 146 142 160
"ACOT4" 0 0 0 3 2 2 0 4
"TTC8" 448 650 586 570 376 378 476 472
"TC2N" 12 26 12 28 32 16 30 40
"SLC25A29" 3998 3862 4276 3649 2110 1615 3611 3662
"DEGS2" 6 2 8 8 50 46 14 13
"LTB4R" 417 428 458 421 558 508 757 704
"CRIP1" 3614 3212 3883 3568 2362 2206 2252 2858
"CRIP2" 5552 5480 5942 5092 2350 1642 2702 3441
"LINC00239" 2 0 2 0 0 0 0 0
"LINC00637" 6 4 0 4 0 6 4 2
"RDH12" 4 8 2 2 8 18 4 6
"ADAM21P1" 6 12 10 14 20 28 8 4
"MIPOL1" 105 126 150 136 142 202 211 129
"PPP1R36" 0 2 2 6 4 2 4 6
"SLC38A6" 266 444 343 350 308 416 303 204
"C14orf37" 1492 1902 1668 1734 1966 2456 2222 1794
"FRMD6-AS1" 4 4 4 4 4 3 6 0
"ABHD12B" 2 14 0 14 39 36 26 21
"LOC145474" 10 2 4 4 3 0 0 2
"PTGR2" 246 354 270 263 315 403 647 528
"FAM161B" 75 104 122 102 39 33 59 35
"ISM2" 0 0 0 0 0 2 0 2
"CEP128" 216 248 206 182 244 280 218 164
"MDP1" 146 166 194 114 63 82 91 108
"TTC7B" 1967 1838 2346 1562 790 678 1060 1678
"LRFN5" 0 0 0 0 0 0 0 1
"DAD1" 1852 2183 2170 1986 2464 2712 2283 1825
"FAM71D" 464 472 452 378 298 320 394 432
"TMEM229B" 4 6 0 2 8 4 2 4
"ACTN1-AS1" 4 0 2 2 2 0 0 0
"SYNE3" 179 223 206 180 272 247 292 332
"FITM1" 12 14 10 6 23 15 18 18
"REM2" 16 16 17 8 16 6 16 16
"MDGA2" 6 10 3 6 14 20 10 12
"SAMD15" 10 16 14 23 11 4 6 8
"NOP9" 1186 1136 1180 999 856 737 1036 1147
"EML5" 46 71 50 68 94 143 118 110
"COCH" 42 64 32 66 100 168 68 42
"SPTSSA" 2664 2763 2914 2554 2118 2387 2660 2436
"DIO2" 1625 1926 1704 1777 2268 2914 1680 1268
"DIO3" 14 18 18 26 14 10 10 20
"DLST" 2746 2996 3006 2857 2652 2766 4162 4082
"DYNC1H1" 72850 74328 80736 65682 56596 57851 60020 63969
"EIF2S1" 1454 1764 1460 1582 2156 2644 2944 2242
"LINC00638" 44 48 50 52 10 10 20 22
"C14orf183" 6 4 0 0 4 1 0 4
"EIF5" 3936 4785 4313 4246 5210 6802 5476 4364
"ELK2AP" 0 0 0 0 0 2 0 0
"EML1" 8 14 8 10 8 8 14 4
"AKT1" 4630 4816 4927 4244 3192 2596 5160 5867
"ERH" 1610 1923 1871 1758 1765 2028 2556 2455
"ESR2" 22 24 38 35 34 55 50 50
"ESRRB" 2 0 0 0 0 0 0 2
"NID2" 30 30 38 34 44 44 30 30
"VASH1" 126 109 158 114 84 90 110 96
"ATG14" 294 510 396 352 540 578 774 554
"FKBP3" 368 490 480 414 468 643 346 214
"ZBTB1" 927 1174 1106 1110 1267 1644 1094 908
"SNW1" 584 729 738 643 860 1022 1112 874
"ACIN1" 6102 6938 6845 6059 6076 6144 7445 7201
"PCNX" 8776 9901 9534 8936 10840 13658 6484 5963
"DAAM1" 284 320 297 326 404 512 361 287
"SAMD4A" 909 935 935 821 619 653 1253 1109
"TTLL5" 1119 1414 1294 1124 917 1117 1254 1056
"FAM179B" 315 304 284 310 302 352 320 246
"RCOR1" 1490 1680 1543 1513 1916 2522 1598 1328
"SYNE2" 7050 7556 7840 6718 9196 11238 10474 7482
"PACS2" 2131 1923 2389 1870 1211 927 1698 2071
"SCFD1" 448 596 434 516 418 686 444 338
"KHNYN" 3731 4144 4261 3563 2545 2586 2323 2430
"ANGEL1" 1388 1190 1280 1234 1074 1012 1424 1676
"PPP1R13B" 690 734 790 688 654 652 704 725
"DICER1" 1295 1664 1440 1460 1298 1476 1736 1343
"FNTB" 907 933 941 776 840 916 1243 1282
"SLC7A8" 1268 1336 1344 1102 856 756 452 474
"ZFYVE26" 2112 2258 2302 2068 2392 2594 3144 3038
"TTC9" 4 6 6 2 2 8 6 8
"FOS" 538 536 564 466 250 196 146 246
"KLHDC2" 1084 1198 1042 1063 867 880 1228 1168
"FUT8" 472 620 466 538 330 444 380 356
"RALGAPA1" 487 500 540 464 514 580 684 445
"SFTA3" 114 108 142 109 39 34 37 57
"FBXO33" 428 522 505 464 274 372 432 398
"NUDT14" 369 398 362 314 256 192 346 433
"LINC00521" 6 14 10 0 0 0 0 0
"GALC" 34 84 60 64 42 64 30 38
"HECTD1" 5460 6320 5806 5578 5800 7010 5470 4904
"HEATR5A" 7962 10118 8762 8618 3570 4725 4422 3506
"NGDN" 484 622 615 493 792 867 866 796
"LRP10" 15452 16251 16248 14454 8743 7629 4301 5407
"PLEKHG3" 2853 2798 3016 2615 1953 1605 2942 3097
"SIPA1L1" 2312 2697 2614 2406 1971 2004 1797 1827
"DCAF4" 233 292 264 254 218 272 278 296
"KIF26A" 3977 3805 4331 3818 2538 1592 2252 3082
"TMEM251" 190 202 190 130 216 298 236 210
"NKX2-8" 20 32 27 18 8 12 16 14
"TINF2" 526 637 589 540 423 542 563 608
"GCH1" 226 288 274 262 262 318 327 312
"PLEK2" 116 134 116 98 68 90 118 90
"TIMM9" 187 222 220 218 234 332 349 253
"TCL6" 28 34 27 32 38 24 28 27
"MLH3" 437 488 467 444 506 619 578 439
"ATP5S" 383 423 429 415 299 398 359 300
"KCNH5" 0 0 2 0 0 0 0 0
"CIDEB" 1478 1636 1734 1528 1311 1482 1960 1970
"GMFB" 400 574 468 574 572 860 766 494
"IGBP1P1" 20 30 26 22 27 41 42 33
"ANG" 170 175 186 138 64 50 90 101
"LINC00639" 8 10 6 6 6 4 0 2
"C14orf182" 28 28 26 26 12 20 14 26
"LINC00640" 0 2 0 0 0 0 0 0
"GPR137C" 150 160 154 144 146 188 112 102
"PROX2" 8 14 24 14 3 10 6 8
"ZDHHC22" 2 0 0 0 0 0 0 0
"TMED8" 489 562 458 478 417 509 379 332
"C14orf178" 30 39 33 19 27 46 36 33
"SNHG10" 89 123 104 123 182 210 207 199
"SLC25A47" 0 0 0 0 7 4 0 2
"LINC00641" 106 172 125 116 24 32 32 13
"TSSK4" 88 80 79 83 65 72 109 69
"FAM177A1" 374 430 426 404 398 360 482 350
"CEP170B" 3534 3538 3722 3044 3422 2640 4030 4724
"C14orf80" 918 940 974 843 758 561 910 1034
"GPR33" 2 0 0 1 0 0 0 0
"GPX2" 10 12 4 2 6 8 17 4
"FOXN3-AS2" 0 0 0 0 4 0 0 4
"CHMP4A" 944 1027 990 849 710 895 963 917
"STXBP6" 8 10 6 8 6 6 8 4
"GSTZ1" 1068 1066 1054 931 565 506 784 835
"GTF2A1" 861 1132 912 966 753 972 1037 868
"BRF1" 2151 2309 2389 2116 1334 1158 1829 2207
"GPR132" 4 2 0 0 0 4 0 2
"POMT2" 2534 2634 2802 2496 4444 4200 3138 2998
"STRN3" 666 901 799 811 970 1143 837 783
"SLC39A2" 0 0 0 0 0 4 0 2
"ERO1L" 1292 1464 1433 1384 1940 2489 1176 847
"HIF1A" 5466 7120 5958 6322 4534 5864 5928 4602
"FOXA1" 798 822 770 739 712 698 698 768
"DHRS4L2" 1365 1563 1641 1454 922 890 1092 1264
"ADAM20P1" 6 2 2 2 0 0 6 10
"CCDC85C" 2590 2540 2842 2358 2371 2144 3815 4136
"HNRNPC" 5422 6320 5896 5558 172 196 316 282
"ITPK1-AS1" 69 47 95 56 66 64 62 65
"SNORD8" 24 60 43 45 43 32 42 38
"SNORD56B" 8 1 4 4 1 0 0 1
"APEX1" 4162 4774 4456 4208 4300 4398 5984 5722
"HSPA2" 2756 2768 2908 2535 1158 972 960 1222
"HSP90AA1" 11600 14346 12801 13376 20596 25984 29691 24720
"LINC00221" 519 623 576 592 564 748 808 787
"VSX2" 0 0 2 0 0 0 0 0
"SLC35F4" 0 1 2 0 0 2 4 0
"LRRC9" 2 0 2 0 0 0 2 0
"COX8C" 0 0 1 0 0 0 0 1
"IFI27" 24 20 26 18 6 20 22 20
"ITPK1" 3488 3244 3404 2958 2276 1966 2570 3191
"JAG2" 9913 9974 10331 8868 8716 5770 8860 11974
"ASPG" 30 26 28 29 44 42 28 48
"RAB15" 80 72 50 82 70 54 171 130
"FLJ31306" 431 474 473 405 659 749 705 398
"ARF6" 1755 1737 1805 1592 1000 1036 1548 1433
"KLC1" 3863 3933 4037 3641 2961 2900 4010 3915
"ARG2" 813 1050 950 874 786 1075 1472 1293
"TOMM20L" 14 20 14 17 43 58 38 33
"KTN1" 5275 7444 6448 6697 10572 13318 9274 7151
"ARHGAP5" 997 1463 1182 1291 1598 2112 1922 1465
"LGALS3" 2198 2504 2292 2249 1896 2082 1952 1624
"HEATR4" 1394 1497 1634 1390 1084 1084 1500 1486
"FLJ22447" 8 6 2 8 2 4 2 2
"PLEKHD1" 8 7 2 4 2 0 6 6
"FOXN3-AS1" 43 68 44 70 33 13 47 26
"DICER1-AS1" 60 48 46 60 36 50 51 44
"LTBP2" 500 404 506 360 148 170 78 128
"MIR203A" 0 0 0 0 1 0 0 0
"MARK3" 1528 1814 1774 1552 1558 1693 2282 2216
"BMS1P18" 146 173 155 132 103 139 148 97
"MAX" 1592 1713 1737 1507 1533 1653 2290 2233
"MGAT2" 996 1151 1133 1092 1055 1159 1092 868
"CTAGE5" 313 402 410 332 381 472 274 154
"ATXN3" 120 150 132 137 185 190 200 155
"MAP3K9" 866 962 981 875 720 646 918 886
"MMP14" 16 10 6 10 16 19 28 12
"ALDH6A1" 506 513 460 510 288 418 700 658
"MNAT1" 338 388 292 362 462 630 525 376
"RNASE13" 2 0 0 2 4 0 0 0
"LINC00238" 1 0 0 0 0 0 0 2
"CCDC88C" 1032 1080 1214 1056 1262 1100 1884 2102
"TEX21P" 0 0 0 0 1 0 0 2
"MIR345" 0 0 0 0 1 0 0 0
"MTHFD1" 3543 4299 4025 3453 2830 3042 3825 3720
"MYH6" 0 0 0 0 0 2 0 0
"NDUFB1" 356 402 430 414 448 440 515 493
"NEDD8" 3070 3298 3236 3031 2643 2940 3506 3588
"NFATC4" 368 354 378 288 50 40 62 78
"NFKBIA" 2050 2233 2353 2038 1504 1704 2016 1969
"NOVA1" 0 0 0 0 0 2 0 0
"PNP" 3814 4360 4006 3588 4060 4660 5356 5424
"NRL" 3757 3965 4308 3407 3590 3270 3526 4202
"OXA1L" 4978 5715 5370 5145 5036 5759 6859 6709
"PAX9" 180 216 180 164 194 178 282 406
"COQ6" 757 897 867 776 646 619 664 692
"EMC9" 908 914 944 893 410 390 464 604
"PCK2" 3700 3914 4266 3350 3573 3262 3501 4155
"ATL1" 74 78 74 94 42 50 44 32
"FCF1" 362 353 306 274 330 367 526 378
"RDH11" 5068 6144 5648 5186 6448 7764 3888 3575
"NIN" 1044 1356 1188 1092 1754 2126 1678 1434
"GLRX5" 446 436 450 444 380 526 642 571
"ZNF219" 2198 2332 2488 2214 1642 1154 1551 1866
"COX16" 284 257 343 302 406 494 335 232
"GMPR2" 1432 1699 1742 1446 1066 1161 1304 1242
"DACT1" 0 2 0 0 2 0 0 0
"ATP6V1D" 462 590 572 588 528 752 629 560
"EVL" 1620 1642 1652 1423 1657 1482 1672 1642
"GSKIP" 300 384 334 302 354 462 298 258
"JKAMP" 1261 1810 1369 1572 2000 2732 1248 1140
"CINP" 467 520 520 436 372 396 654 550
"MBIP" 170 180 158 138 250 334 316 178
"DHRS7" 1752 2042 1788 1764 1386 1618 1270 1432
"C14orf166" 668 764 728 674 756 1052 1140 852
"ASB2" 0 0 2 0 0 0 0 0
"SIX4" 644 832 760 722 702 936 1302 1022
"PGF" 100 76 76 54 58 34 22 20
"SERPINA1" 0 0 0 2 0 0 0 0
"PIGH" 292 377 290 316 314 349 303 213
"ZFYVE1" 446 566 528 490 324 334 376 414
"CPSF2" 1452 1980 1778 1676 2353 3112 2722 1972
"PNN" 2254 2714 2381 2362 3886 4289 3469 2839
"KCNK10" 0 0 0 2 0 0 2 0
"POLE2" 206 302 274 248 328 408 462 320
"KLHL28" 302 346 322 286 184 304 236 202
"TMEM260" 346 445 396 446 565 548 484 332
"HAUS4" 764 880 822 772 716 705 852 798
"PPM1A" 666 810 712 704 736 864 860 717
"PPP2R3C" 186 210 189 181 152 166 185 116
"PRPF39" 412 562 470 498 658 762 718 550
"C14orf119" 1077 1354 1253 1247 988 1198 990 950
"FBXO34" 1128 1375 1393 1322 2028 2372 2228 1850
"CDCA4" 1136 1146 1260 1081 868 678 1561 1996
"NRDE2" 691 769 701 605 508 595 484 516
"RNF31" 2328 2540 2508 2239 1506 1262 1729 1732
"ATG2B" 1024 1194 1174 1098 572 642 716 572
"RBM23" 2842 3218 3146 2800 3072 3370 3684 3424
"UBR7" 871 1043 1060 1053 830 1003 1218 1127
"DNAAF2" 422 412 420 379 424 434 500 496
"EXD2" 1324 1484 1446 1208 1364 1732 1349 1125
"VRTN" 0 0 0 0 0 0 2 2
"PPP2R5C" 672 930 776 780 884 1011 1241 1071
"PPP2R5E" 460 565 516 410 660 684 720 522
"MIS18BP1" 274 404 287 318 676 980 963 630
"SYNJ2BP" 700 920 840 768 878 1022 548 412
"SLC39A9" 3292 3753 3489 3322 3607 4366 3723 3595
"MEG3" 0 0 2 2 0 0 0 0
"DHRS4-AS1" 388 473 447 388 239 254 266 321
"G2E3" 204 208 172 168 346 528 200 150
"FLVCR2" 754 935 840 800 941 1143 1064 998
"OSGEP" 726 794 764 728 776 758 1200 1348
"GPATCH2L" 524 713 632 584 622 735 940 860
"SMEK1" 858 1017 1128 928 1526 1970 1645 1341
"ARHGEF40" 1083 1158 1061 1005 440 342 328 334
"BTBD7" 614 780 818 720 648 868 1404 1130
"AP5M1" 346 418 378 353 476 594 243 219
"TDP1" 504 688 590 560 586 660 1044 1032
"ZNF839" 382 437 496 469 289 287 366 288
"SPATA7" 50 48 62 44 34 18 20 18
"PRKCH" 58 72 52 68 26 24 22 14
"EAPP" 337 408 340 328 390 476 522 432
"ACTR10" 370 512 378 394 414 522 448 316
"PRKD1" 0 0 0 0 2 0 0 0
"YLPM1" 2750 3090 2777 2798 2131 2238 2784 2594
"METTL3" 1321 1436 1260 1243 1155 1506 1499 1464
"LGMN" 2522 3004 2890 2350 2220 2324 2386 2610
"LTB4R2" 127 145 175 142 169 136 241 214
"PSEN1" 2270 2524 2496 2150 2765 3110 2590 2324
"KCNK13" 0 0 0 0 0 0 4 0
"PSMA3" 950 1244 1076 1169 1316 1678 1466 1316
"PSMA6" 805 816 798 795 660 752 759 626
"PSMB5" 6652 6929 7577 6190 4501 4456 6133 6475
"CCDC177" 4 2 14 12 8 4 0 8
"SDR39U1" 1184 1324 1404 1100 889 821 799 940
"C14orf132" 0 0 0 0 0 0 0 2
"PSMC1" 462 507 506 436 681 856 681 428
"PSMC6" 72 126 142 120 226 194 172 142
"DDX24" 4196 4588 4468 3894 4620 5492 5896 5726
"RPGRIP1" 6 10 15 9 28 50 7 5
"ADCK1" 706 712 748 678 308 299 498 488
"TMEM63C" 24 12 26 22 8 6 2 4
"PELI2" 4 4 2 2 2 4 4 2
"PSME1" 1963 1960 2014 1760 1902 1762 2570 2352
"PSME2" 200 264 186 230 288 339 281 247
"NDRG2" 339 341 298 295 384 301 357 347
"GALNT16" 6 8 8 0 4 2 2 2
"PLEKHH1" 590 602 589 555 821 763 817 832
"NYNRIN" 160 146 174 126 80 82 44 62
"TXNDC16" 266 412 318 318 354 462 290 212
"TRMT5" 242 310 294 288 434 592 584 374
"UNC79" 18 22 24 14 14 12 16 20
"HOMEZ" 675 773 799 676 491 542 672 628
"BEGAIN" 4596 4532 5188 4026 3740 2770 3153 3291
"CHD8" 8022 8633 8744 7849 6860 7383 7567 7119
"FANCM" 286 322 304 292 434 578 412 278
"CCNB1IP1" 654 828 763 740 1420 1736 1446 1208
"ZNF410" 961 1251 1133 965 1012 1293 1741 1593
"ABCD4" 1138 1020 1110 950 810 710 910 970
"PYGL" 2212 2500 2576 2165 1396 1672 2584 2238
"RBM25" 1462 1782 1610 1590 2127 2230 2432 1865
"SNX6" 876 932 976 732 688 806 1110 908
"RABGGTA" 1269 1373 1341 1283 831 738 889 1208
"RAD51B" 723 766 869 734 370 336 361 635
"MOK" 234 236 262 198 240 272 202 202
"ARID4A" 317 296 290 284 294 352 358 265
"BCL2L2" 1430 1497 1376 1486 1258 1136 1695 1601
"RNASE2" 2 0 0 0 2 0 0 0
"RNASE4" 282 298 312 214 96 84 126 128
"SAV1" 472 483 452 490 373 524 969 780
"C14orf93" 380 402 438 340 608 597 586 596
"RPL36AL" 2662 2959 2892 2750 1894 2184 2614 2596
"BDKRB1" 26 20 18 16 4 2 8 8
"RPS29" 1256 2568 1362 2150 3541 3165 2273 1874
"BDKRB2" 832 895 878 788 832 862 1350 1222
"RTN1" 0 0 0 0 2 2 0 0
"ABHD4" 1172 1278 1298 1074 834 758 921 916
"VIPAS39" 606 646 690 604 320 517 513 522
"SEL1L" 3048 3576 3322 3284 3820 4878 3294 3060
"NPAS3" 0 4 0 0 0 4 4 2
"SMOC1" 36051 39594 40967 34319 36216 37482 33343 32291
"MOAP1" 618 700 720 588 484 472 582 436
"ACOT1" 2781 2779 3009 2587 1361 1398 2113 1918
"ACOT6" 0 0 0 0 0 3 0 1
"POTEM" 64 110 94 64 18 18 46 124
"IRF2BPL" 2610 2622 2855 2468 652 610 811 965
"SRSF5" 2272 2542 2708 2403 2156 2224 2164 1842
"ECRP" 0 0 0 0 2 0 0 0
"TMEM253" 75 102 97 66 51 65 92 72
"CBLN3" 88 86 91 85 28 28 43 50
"MPP5" 1504 1878 1576 1538 1812 2184 1458 1199
"CDH24" 2956 2902 3274 2700 3750 3128 3222 3532
"INF2" 9141 8954 9545 8537 5583 3886 4617 5707
"PCNXL4" 3240 3742 3342 3338 3014 3628 2940 2644
"FUT8-AS1" 2 7 4 5 0 2 0 2
"LINC00520" 0 4 0 4 0 0 0 0
"GPR135" 109 63 72 74 38 36 36 100
"SYNDIG1L" 0 0 1 0 0 0 0 0
"RD3L" 10 11 12 10 13 6 9 8
"TEX22" 58 86 90 56 86 72 98 104
"METTL17" 1820 2008 2135 1916 2062 2030 2132 2224
"GNPNAT1" 902 1132 954 1026 1117 1393 1104 812
"SIX1" 152 134 180 132 128 101 134 128
"BMP4" 382 388 434 334 252 235 249 256
"SLC8A3" 14 14 12 4 12 14 12 9
"SLC10A1" 0 6 2 5 8 12 4 2
"SNAPC1" 124 170 134 150 222 252 166 96
"SOS2" 326 305 328 352 364 444 526 424
"SPTB" 1244 1319 1325 1112 1409 1289 1851 1786
"SRP54" 881 1305 1008 1006 1306 1680 1650 1357
"ZFP36L1" 2172 2342 2371 2062 1149 936 2192 2510
"SNORA28" 2 5 1 0 4 1 3 3
"SNORA79" 67 76 67 54 46 41 51 74
"STYX" 336 328 360 365 314 348 420 348
"SNORD9" 124 99 116 92 112 107 97 114
"MIR624" 9 14 17 15 16 10 5 7
"TEP1" 1116 1168 1223 960 540 456 594 526
"TGFB3" 310 328 338 272 332 394 342 400
"TGM1" 315 363 326 263 179 177 398 561
"NKX2-1" 132 111 164 120 60 36 44 59
"TNFAIP2" 5092 5171 5176 4638 3311 2877 3368 3985
"TRAF3" 1654 1726 1692 1622 1492 1438 2042 2204
"TSHR" 26 6 14 6 6 6 2 0
"DHRS4L1" 669 716 792 697 455 425 523 611
"CCDC175" 2 4 3 2 6 18 4 4
"LINC01220" 2 10 3 10 3 0 0 0
"VRK1" 174 269 210 195 244 286 449 308
"WARS" 8490 9360 8765 7814 8032 8910 5832 6034
"XRCC3" 1475 1490 1595 1307 1199 993 1764 2047
"YY1" 1900 1908 2195 2171 1597 1883 2114 2008
"ZBTB25" 1484 1686 1683 1570 1344 1373 1559 1415
"OTUB2" 85 124 93 98 89 114 81 92
"ZFYVE21" 1450 1518 1568 1428 1352 1174 1982 2374
"THTPA" 732 764 722 579 333 389 464 459
"WDR25" 735 850 819 738 474 466 406 359
"VCPKMT" 90 118 104 83 214 243 223 182
"LINC00341" 25 26 24 20 64 73 70 56
"ZC2HC1C" 28 42 31 37 18 22 21 21
"IPO4" 7279 7786 8150 6879 7978 8148 7615 7847
"CLMN" 40 44 48 32 54 64 40 66
"CATSPERB" 18 22 10 22 62 56 58 44
"ZC3H14" 1406 1824 1636 1478 1206 1560 1760 1518
"RIN3" 0 0 0 0 0 1 0 0
"L2HGDH" 488 548 508 482 636 698 768 652
"C14orf159" 306 334 270 301 170 156 212 255
"CALM1" 5972 6670 6447 5826 6258 7100 4794 4616
"CCDC176" 588 596 548 591 359 530 818 744
"NUBPL" 304 256 293 243 286 374 436 356
"DCAF11" 2013 2189 2117 1961 1458 1533 1943 2104
"TMEM121" 8 16 12 8 10 6 2 2
"DDHD1" 623 652 727 664 548 694 1142 906
"PABPN1" 1292 1262 1380 1270 1190 1216 1960 1715
"DPF3" 10 6 12 14 18 18 16 4
"GPR68" 2 4 2 2 0 0 2 0
"SGPP1" 2555 2966 2994 2662 2700 3122 458 404
"TMX1" 1080 1300 1250 1106 1590 1750 901 864
"AMN" 15 10 18 4 31 37 18 13
"SLIRP" 596 669 702 632 874 944 1140 958
"DNAL1" 176 194 167 170 132 212 178 106
"RPS6KL1" 442 502 564 376 362 318 656 774
"SYT16" 0 0 0 0 0 0 2 0
"IFI27L2" 56 28 38 24 6 6 12 10
"SETD3" 936 1114 944 946 1094 1410 1210 980
"BRMS1L" 138 178 162 140 170 214 262 150
"APOPT1" 120 140 140 148 166 198 229 198
"HHIPL1" 0 0 0 2 0 0 0 0
"JPH4" 2 0 2 0 0 0 0 0
"C14orf142" 178 216 194 200 218 250 204 220
"RNASE7" 1 0 0 0 0 2 0 0
"INSM2" 0 0 0 0 2 8 0 2
"ARHGAP5-AS1" 36 80 73 42 36 26 38 42
"GEMIN2" 90 128 110 148 104 184 172 148
"RAB2B" 200 244 214 254 274 308 330 272
"AJUBA" 1182 1316 1320 1190 870 774 1638 1730
"STON2" 1440 1731 1762 1607 1509 1885 2203 2000
"ZFHX2" 306 324 329 223 77 90 64 85
"CIPC" 496 628 546 504 608 680 680 556
"RPPH1" 26 16 24 26 46 32 22 24
"NUMB" 2170 2462 2443 2276 1949 2130 2576 2680
"ACTN1" 18631 19121 20442 16462 13460 12126 15404 18037
"ADAM21" 97 100 107 100 96 182 58 68
"ADAM20" 0 2 0 4 0 2 2 6
"DLK1" 0 2 0 5 0 6 0 0
"CCNK" 1062 1116 1086 990 1404 1739 1935 1687
"CDKL1" 298 292 296 259 220 350 278 236
"DCAF5" 1512 1592 1576 1412 1410 1460 1376 1378
"ALKBH1" 380 460 424 418 444 482 628 638
"EIF2B2" 1352 1594 1457 1338 1112 1348 1436 1482
"AP1G2" 2392 2354 2534 2243 1331 1267 1705 1996
"SLC25A21" 74 84 103 68 57 87 90 63
"PAPLN" 2197 2189 2324 1956 699 642 1052 1108
"BTBD6" 665 781 722 696 561 531 843 1048
"EFCAB11" 174 160 176 152 100 134 330 216
"SLC7A7" 19 24 32 22 42 49 30 22
"LRRC16B" 52 68 63 24 18 14 20 24
"PPP1R3E" 180 198 202 192 62 84 134 106
"TMEM55B" 1485 1827 1694 1486 1393 1456 1714 1786
"MTA1" 5942 5826 6296 5496 5566 3874 6532 7601
"NEMF" 9486 11799 10399 10507 11515 11671 11229 10621
"CHURC1" 706 994 896 888 710 936 734 616
"ELMSAN1" 2523 2733 2822 2476 1958 1856 3646 3945
"LIN52" 118 180 140 140 164 200 270 224
"NEK9" 3526 4002 3888 3491 2600 2872 3219 3357
"EXOC3L4" 338 414 434 345 46 39 27 40
"WDR20" 506 600 540 550 448 424 672 669
"TTC5" 324 378 372 322 516 568 600 500
"PNMA1" 1572 1810 1672 1586 782 862 1148 1250
"RPS6KA5" 74 84 68 77 92 110 60 44
"TRIP11" 745 924 874 821 676 866 762 550
"MAPK1IP1L" 2586 2834 2836 2608 2216 2468 2620 2480
"CPNE6" 0 0 0 0 0 0 2 0
"NRXN3" 800 974 848 808 713 822 412 344
"AKAP6" 192 247 224 208 133 137 116 91
"AKAP5" 12 22 17 18 48 55 45 28
"SPTLC2" 2318 2818 2590 2598 4000 4658 3210 2630
"BAG5" 1077 1317 1143 1076 1104 1314 1806 1590
"C14orf2" 2054 2400 2276 1958 2840 3564 3088 2823
"ENTPD5" 1009 1116 1044 967 996 1002 1136 1056
"CDC42BPB" 10225 10696 10548 8973 7506 6878 6858 7590
"TCL1B" 14 18 18 16 22 12 10 12
"RGS6" 2 1 0 0 1 0 0 0
"KIAA0391" 1811 1971 1882 1730 1974 2260 2299 1898
"ACYP1" 178 248 211 202 258 299 386 324
"KIAA0247" 1594 1574 1686 1398 2100 1900 2162 2080
"KIAA0586" 492 742 617 592 437 603 567 517
"DLGAP5" 512 764 590 632 1145 1439 1390 908
"AREL1" 2896 3314 3201 2664 1940 2026 1682 1669
"TOX4" 1522 1758 1573 1417 1380 1536 1840 1890
"TECPR2" 1794 1923 1848 1537 1026 922 1514 1640
"GOLGA5" 374 505 424 480 442 524 596 480
"REC8" 42 101 76 83 108 90 80 59
