EntrezGeneID
4282
717
7097
629
8993
8685
834
2209
5970
2260
54472
7456
30835
5534
930
3654
720
721
3133
10332
7520
712
714
713
3106
170482
9436
6778
23601
9641
2263
4775
3426
51561
843
725
722
3456
1604
1520
841
50856
1380
1378
1235
93978
338339
4179
735
4599
4792
353376
730
3656
940
948
1536
3551
4773
941
124599
81622
342510
3107
8517
731
732
84659
1432
7096
729
81035
7100
64581
7098
284266
5199
2261
3937
54106
3684
114771
8772
6279
4153
729230
567
4210
3689
3824
5648
22914
7454
8737
3822
5155
695
917
4772
2534
1672
1671
1669
1667
1668
1670
1673
55894
7186
733
942
3004
3803
3805
3809
57292
1436
5159
708
5532
966
7187
1675
7184
64127
51135
2264
9450
1191
7189
114548
3932
2161
9051
10747
5156
3815
10462
929
1535
114609
114770
1435
23643
5530
353514
7099
727
710
4615
684
4893
4361
1147
3718
912
718
5294
920
3428
246778
2205
4064
716
4486
51279
2207
2212
2214
919
4688
3075
3804
3806
3810
100132285
