EntrezGeneID
100
1003
10068
101
10134
10154
10197
102
10225
10279
10288
10312
10332
10344
10379
10421
1043
10456
10462
1048
10507
1053
10538
10541
10544
10563
10572
10578
10603
10663
10666
10673
10747
1075
10752
10800
10803
10810
1084
10849
10850
10859
10871
10877
10878
1088
10882
10964
10990
11005
11006
11009
11024
11025
11026
11027
11126
11141
11168
11213
112616
112744
1130
11314
11322
113540
114548
114609
1147
114770
114771
114836
114898
114899
114900
114902
114904
114905
1154
115650
115653
116173
116379
116842
117159
1186
1191
122809
1230
1232
1233
1234
1235
1236
1237
1238
123920
1240
1241
124599
1263
128488
131450
132014
133396
134728
135228
1378
1379
1380
1401
140885
142
1432
1435
1436
1437
1438
1439
1440
1441
144568
146223
146225
146722
146894
147138
149233
1493
1511
151888
1520
152189
1524
1535
1536
160364
1604
1636
163702
165257
1667
1668
1669
1670
1671
1672
1673
1675
170482
1736
1789
1794
1803
1879
1880
1991
199713
2
201294
2022
2056
214
2152
2161
2175
2176
2177
2178
2187
2188
2189
2204
2205
2207
2208
2209
2212
2213
2214
2215
2217
2260
2261
2263
2264
22914
22918
22925
23
23210
2322
23308
23446
23495
23529
23547
23601
23607
23643
23753
23765
238
245908
245909
245932
245936
246778
2525
2532
2534
253559
2539
254773
25819
259197
259307
26146
26191
26253
26280
26525
2672
27020
27074
27177
27178
27179
27189
27190
2811
2812
2814
2815
2826
282616
282617
282618
2829
2833
284266
28956
28962
290
29126
2919
2920
2921
29760
29851
2990
2993
2994
29949
2995
2996
29992
30009
3001
3002
3003
3004
3075
3078
3080
30835
30837
3105
3106
3107
3108
3109
3111
3112
3113
3115
3117
3119
3120
3122
3125
3126
3127
3133
3134
3140
3161
326
3267
3274
3347
3383
338339
3384
3385
3386
338761
3394
342510
3426
3428
3429
3430
3431
3433
3434
3437
344807
3455
3456
3458
3459
3460
3480
3482
3501
3507
3512
353376
353514
3543
355
3551
3552
3553
3554
3556
3557
3558
3559
356
3560
3561
3562
3563
3565
3566
3567
3568
3569
3570
3572
3574
3575
3576
3577
3578
3579
3581
3586
3587
3588
3589
3590
3592
3593
3594
3595
3596
3597
3598
3600
3601
3603
3604
3605
3606
3607
3608
3609
3620
3627
3643
3654
3655
3656
3659
3660
3663
3669
3672
3673
3674
3675
3676
3678
3681
3682
3683
3684
3685
3687
3688
3689
3690
3691
3716
3717
3718
3732
3791
3792
3802
3803
3804
3805
3806
3809
3810
3811
3812
3815
3820
3821
3822
3824
386653
388372
388611
3897
389941
3902
3903
3904
3916
3920
3932
3937
3976
3977
3978
3981
4025
4035
4049
4050
4055
4057
4059
4063
4064
4065
4068
4069
414062
4153
4155
4162
4179
4210
4241
4261
4267
4277
4282
4283
4311
4345
4352
4353
4360
4361
439996
4481
4486
4582
4598
4599
4615
4638
4644
4680
4683
4684
4688
4689
472
4722
4772
4773
4775
4776
4783
4792
4843
4860
4893
4907
5048
50485
50489
5049
5050
5051
50604
50615
50616
50856
50943
51119
51135
51192
51279
51290
51293
5133
51330
51379
5155
51554
5156
51561
51567
5159
51744
5175
5196
5199
5243
5294
5329
53342
53832
54106
54360
5443
54472
5450
5473
54756
5478
54900
54918
55024
55120
5530
5532
5533
5534
55343
5535
5551
5553
55540
55801
55894
5621
56300
56413
56477
5648
5669
567
5693
5694
5695
5696
5698
5699
57007
57124
57126
5720
5721
5724
57292
57379
5738
57817
57823
5788
5790
5795
5817
5818
5819
58191
5873
5880
5896
5897
58985
59067
59307
59340
5970
5971
5989
5993
5994
6005
6006
6007
608
6249
6279
629
634
6346
6347
6348
6349
6351
6352
6354
6355
6356
6357
6358
6359
6360
6361
6362
6363
6364
6366
6367
6368
6369
6370
6372
6373
6374
6375
6376
6382
6387
6388
6401
6402
6403
6404
64061
641
64109
64127
64232
643
64421
64581
64641
6480
64806
6504
6520
6521
654817
6614
6647
6649
6693
6772
6773
6774
6775
6777
6778
682
683
684
6846
6868
6886
6890
6891
6892
6901
6929
6932
6935
6948
695
7010
7037
7056
7070
7076
708
7096
7097
7098
7099
710
7100
7102
712
7124
713
7132
7133
714
715
716
717
718
7184
7185
7186
7187
7188
7189
719
720
721
722
725
727
728
729
7292
7293
7297
730
731
732
733
735
7374
7412
7441
7454
7456
7461
7520
7534
7535
760
780
7850
7852
79083
79168
7941
79840
80329
80380
80381
81035
8140
81494
81533
81622
820
821
8288
834
83416
835
836
83692
839
83953
840
841
84231
843
84343
8456
84639
84658
84659
84818
8482
84824
84876
8507
8517
8518
8519
8546
8600
8625
8651
8676
8685
8717
8737
8738
8740
8741
8742
8743
8763
8764
8772
8778
8784
8792
8793
8794
8795
8797
8807
8808
8809
8832
8835
8842
8936
8993
9021
9034
9051
909
910
9103
911
912
913
914
915
916
917
9173
919
920
921
922
923
92304
9235
924
9244
925
9255
926
928
929
930
9306
9308
931
93185
932
933
9332
9373
939
93978
9398
940
941
942
943
9436
9437
944
945
9450
946
9466
947
948
949
9491
950
951
9516
952
953
9547
9560
958
9588
959
960
961
9618
962
963
9641
965
9655
966
9663
967
968
969
970
971
972
973
974
975
976
977
9902
9936
9966
100132285
729230
100133941
