EntrezGeneID
26397
12297
60505
14103
12700
12540
13019
68652
26403
80903
21937
12444
19056
12164
12929
218441
16192
12162
16195
66922
14184
12299
105352
15482
16154
17347
14175
15512
15978
320139
20851
16185
12166
16198
21812
22059
215449
17131
66313
16391
58231
100503710
238057
19108
26416
12167
19877
16168
15965
58181
14102
18750
56324
56274
26404
16160
26412
100042555
213208
26965
12159
12290
21813
12804
16451
17873
17480
63953
330496
18707
330177
20683
16653
16161
18413
20846
20663
18121
12156
18706
16452
29857
73699
16176
60597
56708
216869
14172
16878
16197
13856
18709
23939
12703
319520
11481
16189
19057
18596
268977
232889
14281
17127
15974
208650
19053
18749
16183
100047997
211429
19043
75788
101809
15964
239556
16325
16193
68010
75590
80794
16184
19697
16187
242519
14178
17125
329244
12402
12298
56438
12163
11705
14563
16163
20112
12294
109905
58226
23882
16175
14179
16158
22034
381921
67603
12928
12289
12985
18595
18033
19259
56692
74769
56405
19698
387510
19247
16476
15481
404549
11909
76089
18034
13645
12531
269275
12048
16324
230396
242700
67296
26411
16165
100861969
14177
57914
12675
230405
26396
15977
237310
14166
13163
14169
16323
17762
54652
78405
12445
12168
230597
16199
26395
13197
93672
26419
13712
12286
14165
55994
30957
17451
24064
11652
18049
18119
54378
56636
26407
81905
18018
12443
18751
21926
13857
23797
21781
271844
109689
19354
18205
328572
26408
50929
17260
80857
15904
26398
16847
19058
71751
18414
18218
230828
12064
12288
53859
22030
59004
114713
16169
209590
21803
218397
13198
20130
18212
16155
15370
19055
56469
14170
15976
12986
12300
20848
14171
16178
13179
72508
14701
22018
19418
64654
66513
53608
17344
72349
16153
67071
18021
18211
26420
100043674
14600
16164
14182
320202
23938
20807
16157
329502
53603
15903
233046
15901
14167
12296
16478
109880
235584
17164
15968
14164
18591
16191
19099
17346
51792
16190
18708
15170
19279
12295
58988
16194
19252
12293
16159
12981
18741
18710
26410
16765
110157
192157
26401
21809
73086
19042
192176
24063
240672
60504
11848
26921
20852
18099
17130
16196
56468
18747
15972
102626
17532
12160
12367
19116
110651
11479
140723
67112
12984
320207
20847
56808
16880
21402
68794
12292
12161
18590
12291
14180
19060
20111
15979
338374
65964
20844
14599
14784
24066
18015
11477
14313
16156
19417
15980
11480
14673
21825
13559
17126
170758
18783
12982
15461
286940
78390
16453
83430
18479
13649
14168
14176
15902
19109
13714
30955
225028
12803
237313
242316
67653
114715
18712
19353
12579
15969
20850
100862558
17869
16150
12287
16188
13590
19059
104394
21808
100038993
14183
16186
216965
26413
216233
12702
70686
319734
20662
26399
15967
16177
193740
12475
20849
16162
19650
15507
16846
26417
81904
11911
240168
19395
229615
15970
17128
14173
17187
16151
14174
17165
19094
15511
54376
19419
56613
11651
15962
110542
14186
12983
54721
18176
15975
242517
26415
14013
114716
12914
26940
26405
26409
12667
26414
26406
26400
16326
224105
19052
54377
17129
18752
13537
110119
11674
11676
11677
11997
14120
14121
14187
15275
15277
16548
170768
18639
18640
18641
18642
20322
212032
216019
218138
219135
21991
22122
230163
234730
270198
29858
319801
331026
353204
53332
54128
54384
56421
67861
69080
75454
75540
77116
402739
320538
246313
21826
16191
72898
67269
93838
70985
219257
320879
20377
66783
12168
433798
56374
64085
108161
13110
74366
239038
81010
26369
15874
19712
233799
77853
74046
70363
12390
77921
66996
381546
14344
211305
11843
29849
73314
56519
329372
252973
232975
15476
13593
207667
68051
75400
329165
19683
74700
328949
103710
16622
319974
74051
71355
110893
212933
69737
68723
23967
77219
26424
67445
52480
328516
328329
170757
13839
72226
235041
552880
65945
14080
56839
242707
66139
53878
70375
12263
241327
105935
74724
239606
11552
18029
97998
211896
93893
70737
320790
12287
229005
66605
75830
13172
17967
244757
15436
23984
13837
544813
217944
14657
68285
73429
74270
54169
18416
217012
226751
98034
22063
97357
75094
66425
77318
74568
74446
74671
329839
327819
66328
12286
54371
19130
269615
15229
50787
433930
19266
21375
23984
11302
114675
56717
78703
105601
15434
71950
110891
97243
16880
26930
12326
227630
77771
70285
239833
14616
16177
12153
237960
211798
12830
320037
232748
70355
243905
319149
239857
54725
72713
26757
66645
231724
319478
552876
319483
16772
28019
71818
52023
23805
70934
75667
235599
380924
19752
67091
19225
20451
105427
238321
232919
12776
69851
109700
76878
21983
56835
224090
18121
12912
56315
75243
194227
18948
11906
78693
12491
12661
71363
22768
15482
14570
68964
402758
74589
106338
320013
213393
13518
241035
15437
76217
56506
68740
71823
207686
17702
14114
14780
242443
236930
320150
218461
15931
26359
67127
19668
11820
74623
23966
240753
319603
236266
21973
208820
56364
67715
77255
67868
68484
26458
67630
66531
50873
20430
213556
22427
433215
12579
73489
77639
101254
76865
66406
83561
109279
14290
97754
13195
12476
226255
170936
15451
20980
109246
83984
21958
15111
319582
229706
23876
16847
18491
77991
77547
328779
217316
75050
268859
75030
17387
12293
68464
80837
16679
53972
382571
17475
381935
67306
171469
67956
80906
214572
73255
223473
21872
269823
54200
20726
54381
320082
17263
78943
12805
231108
16779
67969
93742
78309
17882
80906
102103
20132
72090
93842
239447
402771
70867
17864
68854
52542
229613
58176
106391
16467
140919
15162
22042
21808
76053
73127
53318
320317
77215
18718
77996
73379
238725
71228
118452
244579
71491
330474
329064
14658
76162
16833
54381
107376
16833
20679
69847
433605
20476
74622
18247
12771
78269
11720
76785
50873
382112
16424
67868
97884
245684
17536
72415
22059
319832
230899
106298
215999
26414
328644
268510
73005
73469
245469
67197
433323
16971
72518
192197
236915
234847
244179
66193
99035
75124
14264
244448
14778
20183
94214
210417
102391
69068
242050
99097
26921
73159
109050
14766
29817
56358
69119
67080
328789
20522
12552
53814
74743
56094
68760
277854
14673
271970
433662
56807
235636
80861
71934
21677
20541
99887
12160
20970
171211
208936
108664
109979
109052
77967
78748
230935
11490
68036
81907
17268
12287
66425
26900
75308
18792
105000
70386
320343
66473
73614
50768
76873
74080
12575
116812
18587
13876
15122
18663
330286
320608
26409
18407
78892
53404
75099
330355
232217
14231
18211
18549
78822
53417
97998
70155
16524
76633
56013
74446
241656
80721
114142
16485
77031
72080
16323
402754
75586
52164
53951
14934
22239
56808
18993
12590
70980
101206
56092
26970
70814
78004
23805
98059
235106
109624
320330
330164
219228
74281
15874
78004
50781
26365
214105
97158
232680
18973
57443
22359
67592
21384
545474
74338
71235
330409
74911
52357
71943
84505
20742
216724
66867
15118
402733
14800
14254
23964
75744
77273
214301
252967
29818
216377
66325
114712
70144
54376
239796
269788
67515
226255
75221
73750
11609
239839
16019
16874
64540
80915
74703
18845
223513
56743
11639
72303
319893
140488
18440
11576
74269
70806
12992
14924
99686
68632
13095
171284
81703
69797
102226
77203
71410
17534
73360
103511
14339
50525
228642
78688
241568
263876
18019
74218
52504
14180
23972
12841
56291
26900
319565
231382
14858
240892
270150
74453
70419
58240
26936
67668
399627
20208
74534
12224
108976
71875
75087
73990
14924
277753
18541
380993
56473
74902
70845
208372
218952
69055
69072
52704
83553
19225
224014
223272
108096
75326
53814
70969
52110
70944
18011
383548
52466
14176
94041
18142
17063
78284
77673
75429
235180
278672
80708
68283
67634
14051
319504
434342
382657
21907
98660
73647
76507
72379
63828
73391
69329
64450
109032
16483
103710
338372
75742
74541
338365
19266
80782
268977
170639
67786
71357
104086
22771
68732
80911
99522
93806
20617
17388
328516
76624
18189
234724
13405
18814
100705
22004
14079
71327
75272
14859
22066
16490
449521
97130
241514
244562
105972
12960
68507
63830
12274
319370
240690
22147
320633
11571
380843
77869
26918
67888
244216
14677
71713
26877
105827
76652
73296
99031
114715
228061
11819
57274
73463
12981
53617
22247
76858
74726
66548
13666
12569
245386
68227
77579
13607
20616
74887
384775
109115
14486
103967
74505
70926
16533
242607
77012
73137
237979
72135
17064
232333
320907
18505
319756
77751
14461
97618
93681
102657
18185
15206
347712
279766
70680
109820
380843
23794
75183
68283
13179
74050
109325
13884
70695
20493
170757
22787
12741
22355
433744
78809
26877
73752
402747
20181
14800
77132
319251
72460
75646
69320
19731
67263
72720
67717
20610
56284
53906
14683
67412
66717
69077
73188
66673
66289
74435
50907
26414
56640
74116
14663
320862
71341
20617
18436
70809
19242
20608
16019
84112
20939
77063
97072
78419
17295
17922
320355
279653
106248
16467
330577
353025
11668
69784
15444
21898
69068
373864
59126
20646
241494
71165
29859
75275
329977
19820
22693
224613
245684
99896
77675
11490
193217
215114
12957
114249
380890
20855
22599
75853
21984
16621
27260
170652
14735
20190
69165
54138
74045
13176
11534
57880
240332
102589
381338
68515
77278
13656
69311
70428
216028
50501
98662
78688
67315
446211
214150
69740
16539
73412
16453
13101
73284
14308
75269
209011
67543
270757
243312
21418
77123
56745
13405
78911
77554
74039
71529
98496
242700
108961
22283
230613
68675
13586
80892
73376
74350
19743
278304
68201
75018
226352
67310
75529
66788
207596
76964
245666
243339
142682
13839
12950
13137
18441
327826
67742
217733
14600
207181
66709
226866
54713
20541
71761
109245
233231
14634
13612
69226
17189
229715
75823
72185
74680
107338
14472
71854
14755
241656
69379
12993
73347
53973
237553
18575
78052
54141
109270
279653
29863
545156
73476
330166
18167
210933
319734
67886
233046
319974
77511
11541
17227
18163
19291
208177
53311
13400
70952
20750
71760
69754
69940
12267
20834
13830
14268
66707
16160
217480
230824
52275
58859
12351
67555
19227
320840
103080
330188
76971
76882
14451
16485
72832
216560
16536
381400
68919
402727
67345
66743
81879
27388
77993
27062
76088
192166
69903
71830
71089
27428
20324
74940
237387
105289
100808
329698
76991
381251
71046
71810
244954
22184
16204
23966
97533
57329
216644
74449
74290
74852
70891
22095
26877
20112
71205
57246
99681
71567
11537
228788
11730
18478
319712
69700
12279
29862
319565
11435
75311
20324
76183
74030
109323
77425
108073
74430
16651
76111
552873
227671
16948
233186
100732
74103
93838
14186
21943
72030
56075
72880
14422
67539
14600
20962
320959
73238
75738
67590
223922
52268
107587
73755
233744
69885
96997
26366
19114
75924
217265
14765
12306
76132
13612
17877
69466
75082
14944
77868
17884
224813
28253
17933
77751
320174
14724
74467
15430
67295
59020
12565
226977
23945
17534
68178
21416
212999
97730
78758
105989
213262
29861
20272
26876
16522
71148
434105
381912
52695
76029
331424
16679
78612
20860
108927
114715
72221
13488
74413
97848
64144
77574
68166
78913
16612
13405
320889
78547
75504
97956
18168
102022
83558
234267
16564
73429
75082
241263
228726
77618
52341
21401
320683
226098
74266
12566
102941
319791
109246
77881
72758
70757
11889
14302
71353
319179
442801
319277
382657
71901
93746
69166
76743
319263
12723
13406
24113
414073
17933
67658
16782
73388
67505
171543
74711
19226
71474
241656
18027
66568
110789
227449
329650
98140
238673
56093
15891
114660
77375
17536
12111
75338
105611
435970
72976
380653
320590
58214
70881
14254
69652
20510
76203
80750
19657
23857
14697
217602
228911
78268
192166
18027
239337
243262
270589
71233
11906
14058
60367
12405
68075
17156
14311
232441
79459
11839
17182
71281
68721
207151
214384
52511
208188
171405
239731
30050
107815
382079
26563
96990
17173
17986
78903
18191
73720
12048
78977
60455
56016
56093
244698
269328
193452
29867
215928
11541
52639
319999
18131
14618
67555
16814
209743
75104
73719
14941
231162
192197
212392
70546
113846
14394
214968
77629
14219
16508
76187
12822
99167
50706
99633
20471
93883
330914
72778
73254
382089
109676
17380
436090
71029
16324
16687
110084
106993
66264
20941
229927
75835
239857
235320
99324
12622
73441
66830
18383
71096
99663
68703
15378
29809
18596
11287
12550
81879
69352
17536
14186
72388
14719
51880
217351
19366
17888
68433
72531
433492
94352
433403
67846
26563
21825
58998
74320
19272
12495
19280
225922
14058
240725
329480
104158
22304
109676
234669
97106
64074
70548
13841
17933
74518
99209
30942
74342
70960
77066
70936
69243
53876
114774
245386
320227
102243
73493
69565
13052
75168
12294
215890
69219
12558
66797
20692
72895
94109
216019
106862
68947
71620
320360
23845
53885
69227
545156
103795
11831
67537
15127
76705
236285
22418
14941
12814
338352
70710
211147
77220
97003
20664
12364
67070
208898
13838
192167
72955
11519
73980
71323
20248
67073
73332
74603
74726
105387
94071
229791
433435
14804
26563
16456
230822
245446
20979
22139
269275
22361
68875
21859
402749
225875
80334
66280
20927
100832
22115
74006
74030
224703
214704
76722
105853
14169
52669
97615
228421
219134
14660
99035
13360
21939
223920
100727
17993
107652
14387
110119
12865
100047957
17721
67264
72094
78330
12869
11669
15275
192113
19703
18792
72157
100044900
18035
100559
56752
11957
320635
235293
68342
17995
230073
17706
22329
16833
26876
15277
66513
66594
67130
12974
107476
214579
20463
21898
225471
17992
18033
54411
353204
58810
94284
54342
19309
11974
17720
17710
77116
67311
56421
66043
14751
109900
226646
16061
18751
19697
18597
53332
595136
12046
74091
230163
11950
19225
27402
75454
66108
15211
67861
18293
16832
100042503
65956
110935
12861
69983
12856
100041273
394432
22637
14378
11532
110078
66576
19766
244209
66925
75406
69875
239017
16818
17873
11798
15894
11722
17708
66237
216019
231327
100048613
21934
14433
53859
16994
66142
27053
54384
56174
338375
24099
17719
27425
66046
13595
20303
14121
24047
13115
66234
12868
71147
66414
12048
235339
269951
16177
21937
407790
394433
66416
67980
16179
66495
81600
66724
228033
68775
230075
11522
11429
18563
18598
12042
100328588
226139
14635
77559
84682
66052
17991
11671
68738
71670
631040
106557
100504346
11564
67942
69976
14194
76051
57913
104112
67689
227197
54405
231396
21926
219135
72141
100470
15212
100043684
60525
29858
66681
11964
20917
18641
16548
26409
11958
239760
17096
72900
12675
14417
13806
14584
73458
109785
110695
22272
11676
100041504
71832
100862177
56847
18194
11674
18746
16151
100504362
66218
16176
67883
225887
12866
333182
232714
17717
67003
12047
94181
74754
12183
227620
17711
66694
100047429
75483
117149
114143
11796
20652
11946
78920
16797
109754
11797
17705
110095
14187
100039053
12857
234779
71679
11949
28080
11975
20963
18534
72017
21871
394434
21929
13382
73988
100042025
12858
18663
243996
11920
100046079
11972
266632
621603
74776
13081
18640
11566
13001
20315
17718
17087
13000
17716
15926
22196
17709
666513
170718
217069
11611
68194
12859
22238
11565
12764
11945
52633
268860
26384
67184
67680
22033
66152
21991
22236
18761
17722
27060
106759
111173
73166
209558
22122
71884
22029
14430
14936
50798
227231
103988
68375
270198
11677
14377
112417
100043688
17448
16889
407785
18655
16828
433182
14415
94215
68197
16150
12862
108682
641049
74915
12229
12043
16987
18770
12045
11484
212647
67530
14204
68202
12864
216558
21943
18639
56451
67273
223722
76429
675851
74185
18034
70383
68349
18648
67126
22034
67895
12475
100048117
56012
100043686
71609
319625
11947
394430
69719
234730
66144
22235
16992
22030
70503
108723
14447
12763
13121
15490
21947
218138
14583
11428
14661
394436
66290
58866
17060
12044
11997
73834
243085
11670
11529
70974
68401
245847
66945
74246
54128
16591
108664
15929
69080
11545
14719
17449
50930
268782
14718
11966
66335
75540
69802
66916
17000
100504239
240354
18642
12613
20310
331026
68263
12867
319801
78174
18605
100042493
11944
17874
140494
14645
11984
109959
14104
72049
68198
13808
18829
12995
104130
14120
11951
170768
100504968
100705
76282
18803
394435
242341
13807
57423
22273
66445
22031
12633
19698
20916
20322
212032
59004
11973
216456
110323
66091
552899
72535
71773
74551
635087
67834
76252
232493
70316
100041593
66377
11898
623286
68652
16803
110006
